camera_matrix:
- - 1448.9738075546525
  - 0.0
  - 621.3883496623625
- - 0.0
  - 1444.3800687136556
  - 410.3825857899294
- - 0.0
  - 0.0
  - 1.0
dist_coeff:
- - 0.005571594189397567
  - 1.0518764284259345
  - 0.0062445845360461095
  - -0.006329121613417909
  - -4.744463459272841
